(13061,0.24346526341757088)
(10731,0.2422842169923477)
(14802,0.24104730384948636)
(11617,0.24007843989166)
(11980,0.23990584024403416)
(15401,0.23875627528715684)
(13832,0.23555989929300308)
(12559,0.23555989929300308)
(15569,0.23521710565310644)
(14109,0.23521710565310644)
(13241,0.23521710565310644)
(10779,0.23507483445167812)
(11525,0.23507483445167812)
(12917,0.23435433489508897)
(11076,0.22925383003351435)
(14006,0.22925383003351435)
(11471,0.22925383003351435)
(12915,0.22585588696751785)
(10739,0.22395824088200322)
(12343,0.22395824088200322)
(12129,0.22395824088200322)
(11468,0.2198454584401047)
(10918,0.21831378685278874)
(10581,0.21802885316629886)
(11587,0.21307855173392484)
(14150,0.20731871630258936)
(10333,0.20731871630258936)
(14120,0.20042730832312705)
(16869,0.19678023886393264)
(11288,0.19603604039324676)
(10967,0.19603604039324676)
(15048,0.1940093998310077)
(11905,0.19161286946343428)
(11049,0.19161286946343428)
(10409,0.19031853431542242)
(14877,0.19031853431542242)
(12255,0.1897673791926217)
(12888,0.18626094935696627)
(14288,0.18626094935696627)
(10558,0.18626094935696627)
(11283,0.18626094935696627)
(12899,0.18626094935696627)
(10272,0.18626094935696627)
(15582,0.18626094935696627)
(12902,0.18626094935696627)
(13344,0.1849634438464909)
(14711,0.18414679887856997)
(14952,0.1772666380052869)
(11865,0.17574165984999987)
(12891,0.170660244652891)
(13290,0.1628030103489373)
(12511,0.1628030103489373)
(11867,0.1628030103489373)
(14314,0.16135909753695551)
(14588,0.1601839322476194)
(11111,0.15232669794366566)
(12898,0.1483184595923607)
(14487,0.14458361395706618)
(11097,0.14418379132910072)
(12244,0.13949630755702358)
(14716,0.1376970506713243)
(12397,0.12376353336138515)
(10577,0.12376353336138515)
(10728,0.12351683882916868)
(14098,0.12287880610961795)
(14534,0.1196387824795125)
(14812,0.1196387824795125)
(11315,0.1196387824795125)
(14543,0.11613235264385703)
(13121,0.11483699905037045)
(10268,0.11483699905037045)
(11092,0.10911949297254611)
(11233,0.10911949297254611)
(15295,0.1035588327475004)
(11274,0.10007353698802933)
(11577,0.0992792051948056)
(14905,0.09194742407379049)
(15074,0.08946882351203587)
(13964,0.08331593876401812)
(12177,0.08016252422846895)
(11415,0.07113527680281052)
(12223,0.06793035868274248)
(15070,0.06454318722818782)
(12265,0.057382709838741955)
(14259,0.05695102494613756)
(15008,0.04948149759823633)
(12119,0.03564335329395141)
(13983,0.028598716248606503)
(13829,0.028289682109505145)
(10154,0.009015589063006991)
