(11540,2.915628766815506)
(10792,2.826794530303822)
(15991,2.821414206532027)
(14685,2.7957476560078054)
(15370,2.7926396308623818)
(13264,2.7275813076607465)
(11603,2.6701577057142973)
(14489,2.6349475374745985)
(14256,2.5513221415165392)
(14193,2.4456018430092072)
(12992,2.430016973771101)
(10372,2.3705059837176004)
(15412,2.3609869556558953)
(12441,2.360112900481837)
(11996,2.345768289943049)
(10926,2.2466127944775542)
(15624,2.1501073753419457)
(13485,2.0997761795284657)
(12278,2.0944632034716966)
(12016,2.0043417836102373)
(15024,1.9940434075471338)
(13158,1.9930619120832516)
(14307,1.9763083559722796)
(11503,1.906351616299379)
(11109,1.8978583139767835)
(11447,1.8853554655344371)
(11775,1.8621758950173843)
(14252,1.8593505826395336)
(14321,1.8157828979206936)
(11481,1.8130705194157637)
(11003,1.770759613085663)
(10165,1.7604346865060525)
(15919,1.6723364779149728)
(14783,1.644311234518915)
(12402,1.6399495058734517)
(11637,1.6381602528535313)
(11648,1.6352356033489939)
(10257,1.6193570465272475)
(10620,1.5895057147277185)
(12982,1.577603088070452)
(12094,1.5725407338327995)
(10431,1.563122009870617)
(13577,1.5560533704331063)
(14689,1.555612920724581)
(12519,1.5192200685289188)
(15096,1.5043388133654558)
(11336,1.4965883862308174)
(11267,1.4890076125598724)
(13502,1.4763158076041076)
(14696,1.413496332796613)
(13486,1.369817019147833)
(14576,1.3596280449572318)
(11921,1.3273623370074359)
(12945,1.3168890687311752)
(11995,1.301284203542342)
(14698,1.282216215193918)
(13296,1.2689541919238236)
(11823,1.2324949681759643)
(12217,1.232194794515995)
(14457,1.230268794320075)
(10408,1.2153844215715124)
(12197,1.1713553825335195)
(10627,1.1662405757144922)
(14828,1.1540436861384862)
(11977,1.1474974744209192)
(15249,1.131292580120875)
(12391,1.109062825714663)
(10980,1.1007252359401045)
(12896,1.0912987620208146)
(11140,1.0699924633430775)
(15041,1.0491805799339708)
(14004,1.0284886948730023)
(12323,1.0229877176499613)
(14794,1.0022995905572023)
(10781,0.9931214046045713)
(13230,0.9924203662179962)
(14814,0.9823711200238937)
(10868,0.9759625445971047)
(11413,0.9669736231012345)
(12003,0.966451178074751)
(11252,0.9655904079036771)
(14633,0.9221128601149553)
(12448,0.8953582214586643)
(10135,0.8814709400181916)
(15023,0.8649797838539636)
(14709,0.8629586403621099)
(13476,0.8556837791406371)
(10158,0.8501389425605398)
(10551,0.8442078040078733)
