(11298,175.28737456175497)
(10397,167.98353429715928)
(11292,131.27291284909012)
(11057,102.50861359786718)
(13930,90.83298036093322)
(14747,77.2330908918216)
(11433,67.12477392037312)
(14107,65.13580642727298)
(13487,63.052036424921134)
(14869,56.23702049045285)
(12892,53.46803841733138)
(12266,46.89369942500907)
(12889,44.96281491844173)
(13204,42.76460870641728)
(14771,32.46115574809676)
(11697,30.229857900291478)
(13303,27.849060659061887)
(10821,26.96986117559274)
(14100,26.37498984880084)
(10299,25.919749594958187)
(11618,23.753644714656765)
(15304,23.299057571833337)
(13232,22.70809351510923)
(10721,20.470614675515375)
(10693,20.412018293011762)
(14057,20.360102210679244)
(11259,19.795285043876014)
(12191,18.951069597222332)
(12264,18.399788538570117)
(12478,17.449061555269633)
(12173,17.399014907471138)
(14679,17.23667343018853)
(12953,16.152159250160235)
(14635,16.00382624915954)
(15016,13.732218413129653)
(14893,13.356193541288837)
(11278,13.308778878954753)
(14831,12.031889149315477)
(13796,11.912669688308196)
(14761,11.32885239985378)
(10423,10.947241914939402)
(14908,9.794233253598515)
(14492,9.755221292076588)
(14112,9.374781502123367)
(10713,9.102549853712596)
(11193,9.06462075617811)
(14843,9.03013423568762)
(11042,8.939580989950207)
(13198,8.798860639118837)
(13495,8.779744138593728)
(13830,8.277928873297409)
(12523,8.192710423587803)
(12339,8.089565672759344)
(10466,7.972625741757918)
(14082,7.923196260015508)
(11884,7.431488697211736)
(14122,7.333856773763055)
(11066,7.251892229255569)
(14027,7.119777570731953)
(14262,6.437882554591935)
(14683,6.2652276456073555)
(14570,5.88091410777918)
(14986,5.782054600877584)
(13342,5.6849503281992515)
(13891,5.552277450121451)
(12451,5.177023987023421)
(13871,4.941276013130598)
(13851,4.707688137793223)
(15376,4.571204057877259)
(12758,4.56102512444256)
(13244,4.558482752019843)
(10529,4.548733008209927)
(10994,4.4467516667959215)
(13931,4.203703609017482)
(11986,3.8802411184489536)
(10800,3.8692093700260615)
(10140,3.7655567168071786)
(10849,3.6099299534486198)
(14730,3.5397226539935547)
(11630,3.493235399981502)
(10917,3.2653438928485206)
(11624,3.2153658337986752)
(11423,3.205410056055632)
(12954,3.1810259098905185)
(15841,3.1366661495306416)
(14524,3.116428361356742)
(10599,2.9993060438948302)
(11638,2.978503404148852)
(12819,2.9731871089539483)
