(10208,0.8293481975360593)
(12280,0.8258465908639109)
(10279,0.8196962265830594)
(10170,0.8067061312994002)
(13433,0.8017224403596888)
(13256,0.794256100344493)
(11641,0.7565290282696683)
(11973,0.7376458004737196)
(11953,0.7366149304234858)
(13795,0.711856469669599)
(13367,0.70260457204408)
(15380,0.6962317423162118)
(10785,0.6697668515108522)
(10561,0.6541365289114813)
(14108,0.651708339655871)
(11721,0.6335986286901173)
(11695,0.6329223887201124)
(11337,0.6288270553768279)
(13377,0.6284306944507998)
(10685,0.622955149828296)
(14955,0.6102196163457945)
(12951,0.6078429231308857)
(10185,0.6032989740433318)
(13360,0.6013437281595633)
(13076,0.590204378520691)
(10666,0.587393646174439)
(12156,0.5769650487903731)
(11146,0.5737895960035363)
(11612,0.5716477459781569)
(10754,0.5629452586943245)
(13970,0.5629452586943245)
(10245,0.5629452586943245)
(13873,0.5629452586943245)
(13422,0.5614886926282642)
(15027,0.5548090405740068)
(16218,0.5304191089687397)
(13277,0.5240682986168389)
(10874,0.5189229347933287)
(11982,0.516378554026856)
(11122,0.49583103690299474)
(10136,0.49414384986666426)
(12124,0.48194248881678015)
(12884,0.48088827669754913)
(10469,0.4790212419129836)
(15323,0.47457774418003656)
(15356,0.46261571708721305)
(11898,0.45930188736569294)
(12206,0.4591961928711322)
(11203,0.4445232007889384)
(10157,0.41197099370212287)
(11470,0.39137723273897634)
(14303,0.39137723273897634)
(10275,0.39137723273897634)
(16101,0.39137723273897634)
(15389,0.3733534771425154)
(14113,0.3733534771425154)
(13184,0.36647144571440593)
(13459,0.3643176297658301)
(10434,0.35449527087480387)
(14842,0.3539957117451458)
(15411,0.35137663364382793)
(14674,0.3456808967238018)
(14025,0.3374836196583668)
(10990,0.33515179732431494)
(13127,0.3230703343458473)
(14574,0.31991311730726946)
(12012,0.3175751372427512)
(10676,0.2964183932636938)
(11308,0.2790230598670496)
(11537,0.2770782599229925)
(11150,0.2759614896274911)
(11778,0.27280429060428996)
(14237,0.271635419565314)
(13029,0.2678267101427134)
(10747,0.2675661344016541)
(10631,0.266946331807922)
(14520,0.266946331807922)
(10141,0.266946331807922)
(12544,0.26687933170342515)
(12007,0.2667767789088156)
(15607,0.2667767789088156)
(10146,0.2667767789088156)
(11027,0.2637384474743827)
(11013,0.252727806139141)
(12335,0.252727806139141)
(11067,0.2519800668644684)
(10155,0.2518516657937465)
(14960,0.2492325876924286)
(14512,0.24562567476790492)
